6245
26823
13870
24326
2884
17512
2265
12191
21491
32306
22065
13492
26013
11706
17479
30114
32123
24930
5576
8437
27710
21034
24192
32473
3757
2505
24862
26578
14735
12029
31287
5037
7371
27679
15501
21687
25038
9210
8848
4908
2349
26845
31013
7410
19339
27119
26535
7559
446
19139
14635
21049
22573
6444
19209
20117
20860
21843
17560
25889
23660
16390
31800
2126
252
25427
11670
14248
26837
2390
25899
19792
18148
5455
17670
16300
25161
29431
1740
11101
18544
4117
24317
14705
27261
5196
9592
13786
10734
19255
26434
27167
6267
29880
17795
4178
28481
28556
17873
29250
288
29219
30641
2289
11362
17839
4955
12361
3997
14204
30142
17162
1498
13439
7620
13063
11766
17201
3799
29074
329
20382
15524
15413
15750
32184
25631
8611
9698
30194
30151
21229
24441
24586
29995
5369
27885
38
29101
26161
3408
10787
31878
11384
580
32554
16394
32610
352
10628
7213
25252
21718
2735
27719
1225
28499
4017
23060
22055
30503
8108
25087
3090
3238
22707
27808
25679
20430
3804
8579
15563
26922
16790
22315
21389
6645
31549
17494
17130
6019
20204
22147
3576
13789
26771
20914
20805
9644
25417
7531
27592
18776
23011
25345
13335
25968
26053
24856
3547
12365
32760
6245
29569
1266
30845
13749
18483
15671
30689
23857
1543
30503
16146
15072
7286
18854
6513
31853
4879
11351
13608
6187
17516
5820
21950
1366
17766
6815
5353
18844
19589
32177
9635
32731
11706
5746
19839
15405
15953
28752
2110
28962
13601
31507
2461
14924
23302
18808
4466
12289
8081
8988
17911
10332
26109
28060
2150
2437
7781
12539
30662
4402
32565
15172
5636
13678
29407
10096
17221
666
3535
19337
891
6833
8352
21008
16950
14800
14992
669
2238
25589
12337
32197
23134
8198
31330
28736
11010
25622
382
331
9221
5861
10451
76
11076
19109
11862
5557
24695
5380
12948
31530
1217
10342
31980
32486
133
4722
20476
22107
31612
17361
25177
1048
15108
17714
20355
21744
15035
15762
5400
14425
13133
11706
28743
30738
906
1289
12168
4873
12220
29555
19594
16251
27447
7370
25197
22621
24625
4412
21554
14843
10708
12062
14192
20959
13458
20968
22344
26100
30905
29312
25498
22251
17223
7355
8313
25054
255
24097
10717
9523
16316
4592
8088
27844
23046
11876
19852
2364
227
30518
9242
14020
6127
14690
5342
22240
6063
29742
10137
403
27171
4968
23406
12746
30106
7919
10322
4344
18890
885
13502
9725
8992
22658
5030
27468
14421
18364
7855
4173
1602
31079
16541
27136
3573
10792
17418
22244
14596
19982
31326
6679
22561
25810
20219
29118
28655
25438
6840
27815
18453
22157
19345
17197
28816
9010
13469
14172
12621
1883
6720
16470
6135
16599
20129
1269
6158
31989
29278
27058
28985
30095
11647
13766
20445
24391
29865
5007
23534
3345
11924
28724
10757
27890
19903
32396
17075
16903
12899
24892
13334
16328
26789
16416
25001
27278
5903
19693
1632
24915
12609
31508
7413
29881
17124
28393
8828
12110
26336
26628
26430
13071
16079
10983
25028
4139
32433
11746
14386
30985
24801
3380
29655
30603
5704
2675
4865
1941
1744
6958
27926
15049
30235
19152
7392
18837
24694
29639
25897
13680
9224
5094
17288
24672
19023
16392
9594
15808
1486
31479
29620
64
14335
29580
26552
26925
5007
28183
24487
7411
11978
23808
9302
8416
6741
27823
21923
26154
20507
1706
28938
1588
3721
4093
9843
5133
29694
26335
28494
10041
28285
25490
7138
949
21414
24715
19170
821
13540
3539
32578
9136
17383
5037
18504
24350
23381
18553
12262
12417
32700
32216
25415
27170
27852
10513
18856
16669
707
27316
32105
12831
10280
14717
23396
9071
29628
13434
7293
26667
12974
24688
11642
2261
7950
21628
14614
29966
23172
6646
6224
672
322
17306
7433
24002
26935
32746
27342
20120
24965
10958
20979
30714
1590
8830
24801
29558
31786
25505
8112
28312
10580
12471
10745
11624
15655
18612
6885
5685
7498
28909
32650
10897
2707
22072
17272
4509
4659
2383
19342
6023
7982
6774
13075
18000
16399
6238
24322
31699
29913
30280
23460
8451
6464
7533
14436
26228
16153
11678
21984
10781
3344
12584
23100
27228
30105
18426
16315
27194
23081
3594
12688
27377
28325
16628
10993
7851
28955
26852
3182
14477
2480
2231
7041
15860
26329
6493
8294
31998
27086
21634
5676
19533
30524
4717
8461
30727
16442
16168
16123
33
6015
10977
26235
3038
9938
14736
1974
13970
6337
13786
9165
6572
2710
19253
28270
14323
23175
27470
11685
11792
9773
8872
19444
19533
3384
8325
20645
32156
3168
30217
12895
8155
1183
20637
14328
12630
17053
13202
23434
30606
6764
29958
25545
825
27509
524
10131
13705
8370
11783
12233
10929
286
4439
11102
11686
25706
15160
27053
6434
8178
15078
20240
18927
16367
17414
30638
1634
24814
29249
31892
32550
15745
28722
3848
19770
17460
1410
24089
4413
18882
20561
31355
6122
11145
11736
11410
10207
30268
5709
28877
23714
25816
28679
3637
13029
19417
7651
31558
10761
17581
19686
1277
7906
11625
17700
27698
17338
20667
16864
27944
22936
18975
5364
25955
3778
31318
6516
3001
9856
8213
14734
28332
20003
26874
2996
11511
17222
3779
19198
7271
12116
21698
11977
21228
23626
31116
26021
17904
9918
28914
14190
29671
20769
31282
4792
19496
7233
26222
2416
18683
18705
9052
193
28659
26541
24128
6197
11390
6041
21271
3101
14522
7497
7189
5938
2186
28903
5458
6012
27370
10832
10433
31347
21887
28256
5729
13413
3698
16751
3255
18199
10367
25371
9595
7087
1353
5960
6802
13265
20977
102
18236
30217
12774
28403
18831
6505
3071
19008
22564
29811
11719
30327
8208
13113
14616
23517
16149
14530
4075
29525
11802
12208
12910
31782
12249
3616
17239
16125
6104
4306
9848
566
32154
29066
28052
4951
12310
23733
1906
2525
32104
27216
25903
10044
8903
7686
2520
30753
30903
12952
14393
6906
12159
13442
13039
20408
12254
12252
17093
13523
29690
30078
30525
21903
27801
15207
21868
28031
18067
7264
26891
1351
9352
15068
27596
19621
8398
2851
30442
21939
11181
2223
29444
5478
6607
23254
14891
19803
30450
11434
8250
17107
28896
15390
21861
26364
28321
25706
22293
21618
10223
10160
25332
17925
20714
31711
8259
27325
11789
24280
29556
15131
9313
30159
12277
13218
6640
15348
7242
6294
14973
1107
31838
9988
29810
21241
5659
22274
16922
20825
25656
4920
4880
25070
27474
2463
27128
5921
25919
31113
620
4460
13983
8930
4921
2240
25267
15029
204
1316
29043
2289
5095
2720
31706
4974
2201
15449
21125
31275
2412
15101
29308
26842
27360
16993
15440
16798
15128
19049
8550
25875
31188
12073
15250
15247
3231
9289
743
25511
17226
30638
5582
10741
152
26454
18262
11801
23355
3716
26571
22782
19199
11806
31626
2143
13894
21587
21523
5001
29620
10112
16224
3426
5163
22613
16758
26538
2298
32564
3129
23425
31313
26841
10628
15145
25081
5696
2937
4366
15937
29635
30486
12291
28988
2948
32009
6351
8233
14090
29894
22760
10035
5167
11734
18046
30043
16697
19314
15803
25778
9287
32336
17226
25291
16879
4285
12310
32112
26405
30956
19028
10132
10846
25998
28611
19081
2038
30882
13618
30579
7631
9359
8004
19709
19004
24432
22640
25930
12829
8367
2123
24623
29259
23765
12298
23967
54
29600
12354
31846
32204
17495
23539
12570
1181
23642
15557
2383
11325
29693
27793
12043
20458
11670
10275
16506
22383
19157
32575
20450
1864
19540
17889
8152
7175
12143
10953
28597
13559
15958
5943
27716
20990
9824
15348
6333
26824
18595
28561
17399
21793
30913
16883
24025
10403
7684
26896
16658
7570
27310
27379
17673
12548
7562
10502
11287
10309
455
12432
16885
1401
8454
29821
15984
12163
23474
21598
16484
20774
23440
5296
29927
13162
5271
11361
16069
5954
18433
2960
29229
21099
15778
16277
30889
13207
10105
6209
29011
29131
25477
12902
8519
11014
4057
2970
18516
13859
9459
825
11767
19456
2634
27817
31369
19424
22822
5858
12471
7950
16820
27949
23347
32708
18010
5419
17065
10058
16712
11802
16373
10082
26704
5460
32403
29412
17143
21528
17238
22950
18124
6797
2909
31646
3576
27652
5956
30539
23575
24702
13975
22352
25926
8046
26508
867
2941
30656
7921
14437
1568
14617
19555
19410
10192
12897
28353
15964
13959
31103
19680
25043
2532
24675
9856
5704
25539
15178
29055
25202
14097
23613
30541
27473
20703
26587
26272
3856
6068
26457
11625
10032
21800
15303
12038
13795
15790
22165
10937
694
10930
23381
26201
27251
15076
3778
28999
26182
19667
14082
5028
3614
1981
20776
15809
6742
26277
16381
3031
10389
31143
22528
12793
18419
20873
27819
25670
4189
18834
17144
3939
18746
9119
3364
29993
25422
10867
21427
410
18911
20047
28596
27674
20247
28610
31302
30940
14250
19651
21851
28314
10681
17405
12732
5257
757
25194
13902
19596
23047
28451
11411
7591
12080
26999
22131
17079
4140
11578
20797
4449
13149
12639
10729
19785
20005
5322
1696
15236
10900
27999
2430
2639
16451
3423
20630
24833
21631
13044
14134
11326
26026
22026
15469
31342
26079
2145
13003
31853
2261
7136
7528
32388
10502
813
24103
28057
2064
8314
6460
15522
28251
30370
29164
15968
28156
28788
1172
18249
19673
12878
16877
11206
23054
10735
3982
28318
12944
20614
20915
13234
14608
21262
16956
19180
17699
5342
14585
26482
19871
16508
18724
22303
4680
23219
22575
20019
2220
3045
4545
6985
4171
5026
23803
22410
12795
6776
14079
26401
28299
22029
5811
24046
24743
13164
15810
7295
13819
31645
6884
14652
17308
9848
8544
2529
14755
20410
14799
24882
14875
601
12322
21738
22301
19989
17126
8180
15417
23376
14279
29917
1816
28959
6483
21642
4960
8609
513
15654
15832
4240
6258
17759
25293
2069
8438
30674
7092
20449
18514
707
16
31353
3009
4114
28054
7377
25144
22890
7055
9245
2798
19644
32127
15844
9500
21740
14596
1622
29953
6858
13056
28895
31274
21059
30714
7932
15088
26585
962
6478
26946
8784
11348
7917
17573
3242
13311
32510
23928
15446
18119
12424
7549
18341
26375
7299
14741
125
3419
20018
28875
18257
32700
32179
15508
2640
9197
10453
22101
17629
20759
11817
13862
4928
25776
7772
28374
11931
7840
14275
2863
25887
2215
16440
20603
25215
27897
12581
2631
23717
8236
27102
17254
30885
8788
23604
4153
31727
23405
26439
20014
7624
30457
21659
31879
3323
8937
11118
4701
32203
13761
20041
30180
21549
32760
5846
30960
15924
19613
25585
32440
21197
21825
19969
11994
2220
11536
30089
22944
6534
26433
8186
29058
9601
31921
5836
15852
10985
13514
31948
11073
9764
5546
3512
23583
28136
8065
31753
24549
8107
22331
24848
12914
12379
25696
29508
26928
30032
17976
30427
12626
14719
25650
7319
857
13040
32134
17123
12253
27762
15386
19742
10634
30605
28323
1335
12393
31416
11788
15226
16992
28620
29211
6313
29949
9913
22866
22095
7279
24695
10259
20817
25557
5696
17160
10950
15036
16637
10434
27400
15330
13566
11936
23307
28992
26093
1267
2030
6472
9989
18015
9424
20844
15231
5765
16101
18911
19277
5086
30665
26271
4107
8426
14868
29107
20019
18571
7214
17073
28304
16811
25957
32644
19445
22053
26940
23148
2350
12515
11526
28998
823
22340
2996
12814
13228
20928
19436
26786
6017
18382
23643
22985
28147
4869
10827
3955
25534
3458
18040
14915
32401
8075
19487
19530
23743
20593
15961
12566
7479
24251
20391
18155
950
9088
18382
32080
11579
17685
31717
15565
26812
31977
3244
31732
2071
29868
24351
9630
15691
32439
843
13431
22504
11688
32097
10173
30404
3916
9481
13636
496
3779
3832
23742
234
16862
13509
16441
8468
9676
20216
26089
101
3830
5477
18216
4191
20519
22968
20667
9537
23792
12368
14423
1405
27467
6993
19299
3436
22654
27636
6912
15169
21826
20002
10567
14140
7461
12866
31697
11296
15661
2383
14205
998
11710
1837
10605
23731
17341
24381
24914
18952
15606
12079
16618
13880
27579
3095
9415
30752
17870
26051
2641
28946
23170
13388
22286
18194
29724
9196
9505
3909
26751
13071
14609
31910
23817
30381
1228
26363
440
30934
23532
15880
1937
25999
15672
15618
22082
31196
21870
29254
17670
26910
8000
28491
23241
11423
17564
13525
22925
29036
9520
12140
6412
6243
9774
22541
29854
31884
12108
19743
20574
29613
30992
30632
31112
15640
4170
4289
26150
21192
13026
6984
6124
20652
27091
9684
9824
26179
1144
26862
13374
1641
22791
5502
21530
18801
28251
26499
8263
13683
29430
20743
2552
24807
9542
20819
9125
9075
4391
19551
27312
18690
18090
30348
21577
31510
28180
10389
8591
21599
23850
12227
16119
21132
4524
28257
13042
6753
13600
24688
24522
16906
3536
22684
7373
5551
278
2414
27310
2632
2775
11970
18216
21171
20046
27516
25572
19203
9227
12151
17565
11804
18747
14782
2178
18813
5161
2815
25308
9052
20997
23612
1776
18168
12773
28100
2855
11051
24841
16994
1900
26430
15459
6868
29398
10754
15190
17790
1159
10012
30655
5728
7124
28321
30514
6982
29606
25315
6534
24638
9503
16522
20627
22607
15745
27878
1338
15976
27468
32387
19878
663
1703
13310
22738
6011
30977
19736
13131
13308
18424
31241
18744
23865
18298
21783
18839
19650
14122
6758
20169
1800
20229
4626
28753
13842
32581
24699
8665
7281
26501
12512
885
13429
18727
28208
1836
20385
30963
32284
4021
19037
5120
12913
27774
10219
31704
25765
22259
10908
24023
28591
21756
15428
18900
31772
9415
15083
7172
21088
5577
32197
15898
10090
29439
9829
947
6011
25210
4653
9714
17207
24090
9
8807
17149
10650
15965
310
25716
27084
30011
18037
26214
16678
24794
4821
9938
5502
4163
14213
30524
25362
31822
16723
2888
16587
2765
16149
13703
31171
20999
18247
26257
24580
12392
245
8788
15507
3190
13276
24491
173
20743
9164
1587
7248
31153
15184
32346
7677
17283
18833
1976
32701
22002
22392
18851
17762
30742
22547
20989
20495
9751
14394
30289
2810
6882
4466
19230
21873
8736
1041
9587
19995
18024
31907
23228
25473
12211
26765
13020
19916
17937
7664
16508
21968
27803
31440
5026
3402
26793
32630
31365
23654
18757
26642
17568
2181
25311
2469
15365
6204
13122
30238
18676
14496
16838
11203
29612
1985
20423
21459
14465
26740
27991
21610
25135
17238
17968
14756
24174
22797
15084
14853
16582
2513
6777
23065
26533
13868
4039
29527
30639
7421
6083
8779
8533
23235
5001
24565
25769
28184
19157
19052
18288
25980
29371
24774
12665
6740
3225
13884
25390
7474
12617
24714
14953
14167
7323
9621
14729
9591
3330
11344
1220
28604
19341
13536
18879
781
28697
7167
17755
28559
13766
11678
23506
28780
29607
2766
30468
8404
3518
9952
7947
578
29223
8139
277
14337
30355
30159
22643
7150
10744
26200
28141
4223
28295
28197
8537
13316
28639
13993
12652
22829
18816
29362
13775
26829
29058
28232
32629
4317
15239
21976
21293
25796
2030
30866
12915
21206
29513
2575
9868
4890
6673
10039
16850
29520
17561
8802
19276
9266
3905
23229
18561
27643
25324
8944
22926
25126
20916
31485
7031
6264
11228
8555
1211
21824
24837
16293
28715
17118
421
13725
18939
14466
29878
18612
4890
54
13739
14814
11967
15903
11944
1793
11845
23807
754
23455
3896
9215
23973
29877
8112
22956
6309
31715
31965
6207
20438
7628
24548
14113
13456
24512
11497
28078
13645
30873
30829
4922
19877
12514
30427
8273
4733
3647
2653
21827
20091
19976
25332
10720
17085
29496
25800
27265
24522
27526
18621
9800
2760
4049
11078
21160
17136
961
32126
18471
15168
14508
3189
31842
15471
6070
4807
7506
25382
5949
2164
29135
3693
16244
9451
9042
4708
25165
18280
21759
819
2717
14720
11235
11331
26235
32763
11386
1967
12520
11745
4468
18933
24246
28119
32696
22002
4770
13740
15274
11533
7364
22576
17321
12210
2345
26949
29660
16898
446
10296
5935
10440
1903
25681
2456
12975
18065
4008
20383
435
2685
29755
18205
2262
5246
16190
21828
4628
23022
22194
13791
24728
28059
11577
20443
17200
6256
2089
13063
11007
25937
27615
8984
6770
9286
8790
21488
117
10460
4088
15136
21478
18376
19123
6827
841
22478
10064
10509
3262
14817
12544
31355
21041
11404
16184
3949
32209
28304
7615
11354
2755
29903
31494
24258
17943
14184
4279
21362
23547
23076
14992
25092
17710
13329
28530
29093
10424
31340
20661
6939
1497
4804
17343
11270
14911
20573
18901
28517
14459
8403
2608
24413
694
27647
16980
9270
15776
11038
4253
1191
28586
31536
19739
11091
16501
11935
25760
26003
19594
8737
27158
16246
24907
22751
21014
8454
13610
9175
3255
20685
28696
22655
29092
32664
6208
23211
12914
16763
14070
32176
18224
6165
18922
202
2367
29205
21666
10939
28772
17405
9767
18613
9755
7719
9982
5242
25390
25605
17241
17858
19335
2220
17807
21213
15426
29844
13514
9369
16391
30873
3071
16742
7575
29254
23844
13240
13476
1363
13469
12205
7398
3692
20727
15344
15211
13109
728
25053
16943
13194
18742
10470
19948
24587
32200
24885
5683
23000
9658
402
25532
32665
15013
7304
16635
11202
32702
12483
6387
10261
14158
22717
14415
31336
19554
7578
25775
28328
17603
29008
32320
542
3880
5130
24463
5105
427
26831
28575
32492
7290
32094
6713
130
25807
18781
8835
4367
27682
26803
980
4449
22429
21811
21703
29047
31696
25466
24718
13448
24742
1818
27273
30280
16791
8696
20503
21862
24096
25330
31917
26457
11888
30661
25637
6492
20581
5678
30552
8887
16566
8272
18158
27713
13426
26710
18549
4387
9897
22361
29105
23774
28264
31620
7731
27280
28907
16758
29485
18803
17423
23783
13701
19110
21766
9359
17960
23600
26446
25923
14497
5442
32740
28770
14314
22460
4277
26991
11650
10995
30805
5887
24255
13233
10739
15062
29798
28030
4493
13645
8313
2334
2144
30711
22096
5211
28067
2947
18667
20229
14196
11492
9095
20790
4115
17840
12399
26330
21326
17350
25109
17519
60
5172
29281
30986
29486
17752
3145
16795
31715
5189
13218
8561
9211
26983
24374
25601
14766
2155
30998
27619
29374
30553
14642
29469
15274
24835
3622
8356
1829
30371
2135
5920
12742
5312
31551
24816
19969
12113
18693
23918
27734
18725
3153
4980
13256
31362
5214
3359
24209
19213
26449
8402
28436
25321
16073
19326
12563
22307
12983
33
23330
5454
1648
4237
25692
12906
19456
4971
25172
8459
20929
27519
847
4791
3629
21550
30896
2191
32241
5949
26035
22321
10306
20443
9822
8670
15732
24290
693
4312
969
29786
8750
18190
1671
21055
21348
23291
15181
11395
31759
22220
4518
19031
17716
961
8415
19623
22425
1237
26646
15843
15484
1185
21652
20229
13956
31358
605
26064
9976
19178
27396
24661
21295
18221
30404
12732
7752
20540
9165
15425
2843
8413
14300
3197
6766
780
12302
23015
22893
29853
25334
28826
13396
32548
2285
26713
24943
18194
7849
19664
30788
5664
22034
6940
2319
25841
2384
14478
18542
10226
25641
18092
9054
25478
14218
30841
20326
19296
11107
19703
11026
28975
17080
21225
675
18049
26102
23005
3333
30177
26499
13418
13569
22339
13976
28599
692
931
13395
9276
14656
19432
24328
17357
31937
5902
18393
2260
5251
27524
1670
27358
7538
10195
8070
15449
16593
11905
4182
21915
17199
2357
30225
28967
32663
18203
577
7468
8968
6794
12788
26191
15396
31205
31507
8106
29484
18367
25584
27669
32300
17986
14622
27812
9587
22993
21893
14449
27718
24300
12469
411
12758
5972
10107
2958
24175
29296
12978
22149
28913
13552
92
9294
132
17328
8946
14925
1672
5599
19192
1220
1227
4704
16083
32594
23551
23664
1247
1721
26219
21386
29629
30692
10976
19079
7402
16424
15343
14858
17814
17098
5977
29211
25011
14273
6599
3858
17740
26558
23227
13751
24
26986
1223
23207
5967
17390
32253
6394
4540
6841
29862
23586
2580
18045
9271
24854
15238
32635
26240
21169
15507
32001
25895
1364
23584
11825
32597
5587
21705
28675
14255
28559
19065
25742
16008
32223
17975
20355
27732
3253
9283
7162
16480
7294
10338
28529
14273
11593
11382
28177
4235
17708
7505
5172
19779
13795
14795
18725
3222
26043
18450
3878
2378
8111
13634
29880
22134
11984
21302
11030
11246
18666
10397
26115
22274
3172
1872
26821
9064
5480
23779
25714
20598
28228
29049
2922
26260
24336
2269
32293
242
24721
6607
29999
24438
13918
3996
19568
21753
29761
18930
21425
26034
29408
20209
2140
10738
30621
25477
7299
18706
5050
32244
28452
8362
32449
18099
22956
27652
28707
7038
30393
32721
15391
18599
17956
28186
14309
27823
21055
9849
10492
14867
14939
26248
17377
2920
18062
3738
32241
32170
26803
11945
13960
1234
20145
24464
31595
11942
27137
15482
27747
2005
4202
4251
555
22339
6671
3358
15500
9122
8364
7006
31687
14146
17437
8024
2355
5674
6176
15969
4903
6759
8027
32276
8218
10916
30625
20367
15625
16123
7025
23263
27418
10251
23743
7864
4222
19531
31991
14441
28827
20381
1600
26640
28523
22823
18942
9482
9247
27486
10394
22190
32521
611
1669
1339
1720
27795
4730
5902
28773
4442
16644
28185
6030
6727
8513
31120
6368
12902
28389
4069
5210
20426
1409
9463
23216
15209
6406
12423
2541
19245
22405
22763
23901
583
22584
13830
13482
3015
31686
16503
5701
17257
8643
16657
12551
16562
22390
21643
8473
6204
25568
22393
31761
18255
21753
20091
26717
32176
29245
7861
17381
14782
14439
10879
7660
27322
17021
9821
2103
3431
17420
14897
882
30419
30901
17071
2767
16756
11496
18194
752
4214
17392
30477
4103
7508
24368
17669
5948
17318
2732
28797
28495
32570
4811
5330
1150
4197
26459
4136
29609
15003
12245
22180
24756
20798
29922
1500
3117
1716
799
19595
27694
12732
27421
31370
19589
32002
17069
19707
14867
13553
2906
19143
15730
10184
25142
17740
10459
19440
23770
20815
32070
8333
14248
19512
10962
31827
14675
16766
12392
16026
28578
17504
24219
5813
10608
4566
16851
21888
20984
3783
30635
32057
4431
30332
29591
913
22066
19797
30410
31234
11522
27578
16215
4194
2061
13653
12950
9657
23823
20606
1737
23376
15353
29175
12287
24074
17136
4314
5177
23031
5017
5839
19148
19495
11668
24706
27398
9916
21062
8789
11796
31555
21980
1362
26659
8005
396
4195
7366
32536
27422
12741
12952
4859
26028
31930
2594
10851
28582
28542
31743
399
16920
21885
573
21858
25904
6595
4359
26994
28155
7604
25217
13405
18799
26621
14836
9820
14510
16330
25131
15898
25225
2106
27421
24518
7747
28687
27340
8806
23448
18859
17772
1903
19454
7992
16584
20627
12587
22310
26338
26587
29911
31962
31705
3573
28099
420
2832
17103
30202
2546
20365
7269
13911
6852
31647
32727
19271
15200
9156
28862
9936
24391
20681
27328
21459
11367
32051
31074
32398
29074
478
542
26212
24879
13796
29878
7393
25648
17856
21959
13817
6468
1460
22433
19856
21581
17256
30038
1600
12820
23251
17425
25942
5179
4702
28329
12317
6516
583
3958
11872
26097
2884
23652
30250
20508
8298
22853
9424
17799
26700
1132
10545
31782
31079
12663
829
17340
13758
1644
7348
2963
2497
20232
7984
28784
4723
6739
27494
26310
28364
22136
5545
21802
16476
24276
2992
13063
7986
12365
18328
32659
1276
14309
13356
9473
29552
28558
9829
7161
23018
15681
4141
25413
32342
18506
20584
8141
27984
14566
17461
30917
13706
5647
32113
1061
29294
13719
17022
22361
27141
29300
15170
4154
16920
7515
28530
27198
4245
23440
31248
13291
19251
26620
5682
14482
23129
27264
26886
29241
21309
22921
11539
6105
7497
6628
8897
23498
1730
20692
27164
28283
3243
7266
10709
6502
23015
9717
10121
1603
16799
17186
13638
1660
14563
6341
6220
28386
5012
29777
19728
23454
2177
20324
19591
28778
16592
12703
13984
26881
30368
25780
1555
3539
26348
11968
12633
24830
6834
1756
23803
6010
19285
30702
784
12947
26177
9670
13313
19869
29645
10342
21648
29667
25957
12704
32025
4832
3816
12519
24087
23730
20303
26975
19945
11979
11408
11830
25559
20714
26305
14647
17488
8265
18049
20380
629
31512
10900
10532
15068
43
6349
19814
19341
30448
22065
23397
19793
29603
19033
28516
12845
3013
12824
6908
11561
11978
25950
9067
18261
30482
13404
31279
17934
1818
8169
9172
18046
18164
28965
266
12898
5620
29788
11770
29200
17581
23341
27610
32696
27419
2539
18623
16362
28450
21571
31155
17240
20279
27935
6920
21982
1374
3531
19180
32447
5716
6230
21053
22066
8461
14652
20382
21533
609
19521
6346
31776
24834
2208
17960
2773
13745
14437
7328
2134
9137
32536
18862
25600
13692
29595
9652
32119
20918
4437
28821
16106
31839
17553
15487
11417
14412
5664
31496
3476
7384
14918
24701
4549
29655
1748
4470
6448
29643
5265
20142
122
27227
4062
4882
5800
27392
31898
22552
8234
22018
28996
29778
2840
19363
3423
18499
14523
24473
12059
11633
79
8386
11313
23483
20231
18708
4623
14573
2386
10707
12597
18066
4445
10246
30687
8714
5849
23851
24548
19164
5118
12330
29662
9037
7120
31368
12171
24369
23969
3549
16243
21761
471
11656
25547
25902
17391
20641
31386
27573
28098
16431
29978
28660
6151
26011
15457
1723
21530
23909
18752
6823
8956
8726
29548
3755
23962
25462
15323
28400
29266
24062
5745
9183
7091
18064
30428
23420
29828
7782
9405
7413
3336
841
6920
14970
25985
20483
30381
5456
29171
8470
14456
26657
2858
4526
24117
2967
28926
17621
5913
26921
16854
3814
5981
4148
2923
21316
20268
8525
22735
27211
2239
982
25005
9095
12743
6607
16082
14372
21515
26095
18412
16806
338
22515
32402
2267
13955
13111
10885
16653
31243
17283
2870
891
14719
21543
17032
7947
10882
7498
23766
4153
13034
7039
6712
13651
7198
1433
23810
4840
5570
21697
24974
15486
19351
4805
9020
13699
4764
25267
4790
24198
29050
30631
377
17063
2078
28129
26257
22860
6824
14874
24739
4118
17284
8984
6449
12564
4310
31105
27930
31030
4380
493
32352
29444
4879
17726
4910
27023
7369
15156
26138
1960
24109
828
19367
30545
8836
8073
20750
5489
1380
26214
14398
3532
28374
7627
29985
29489
6839
29998
4129
10229
12127
20891
4587
10913
10113
8199
23666
6888
4946
8674
5431
2780
29934
26603
1225
28769
15351
28488
3975
19169
9343
5334
11181
20801
32040
21182
30863
15380
6281
31817
23327
15
28116
27637
17333
3261
11446
22472
272
25460
18559
16356
17560
6792
16003
11100
15333
8382
7104
10054
25477
21764
1473
15377
30458
18015
19138
19737
8707
12324
15636
5753
22301
1643
24003
15648
28488
9921
6775
9512
30478
285
8856
611
19650
19734
6069
22326
29702
8018
7463
21930
17039
29506
2801
22208
18989
32012
18411
23557
9221
22473
3872
20327
289
25585
9332
30023
9260
27155
15498
17615
10358
21962
7140
6790
14911
7404
12620
31009
9265
9988
12147
19613
22062
18691
27097
25482
18764
10546
30956
4778
25886
8043
26996
14010
18998
25993
31534
2192
9703
11293
12983
30566
29520
26467
17068
32118
19861
26740
4112
8903
14192
5820
21998
8774
31721
23983
11327
25880
3169
8888
30221
18479
32725
22386
31449
24603
5985
31771
12091
12067
27651
9798
28872
405
10658
24527
14648
25690
31567
29204
3273
27085
3274
29026
10206
12494
17736
7342
12268
25105
8051
25990
27542
6076
17075
13383
17943
25394
16812
15503
8673
25897
8712
30197
16003
11267
4470
3320
13776
19547
27634
24630
21566
26590
30536
24031
20620
5724
30675
21864
9896
25886
651
4484
6607
24699
12351
20048
8694
23462
5662
24525
18537
27338
10108
7316
14258
17241
25811
24773
700
30369
31752
15681
26424
15008
15856
10009
3904
13593
3347
15174
5690
31975
10672
27290
21760
17810
32513
8694
14654
26912
21951
17086
11291
17453
4073
32650
19483
6206
20930
28958
32323
26707
15385
30621
6783
955
7116
15353
14146
13100
12943
26030
22636
15379
31978
22704
1392
11817
6529
4001
2742
12103
13720
26184
27198
14715
8918
26687
16263
32603
31305
30699
6831
27289
28843
25009
5851
26840
16356
12135
12249
31422
18895
20489
6916
14667
22593
26542
10088
17769
7752
23482
26919
21956
24240
28500
13340
22235
23500
1051
10685
20824
29811
21268
24134
2716
4680
12775
22804
5023
19774
14412
29774
14839
26716
22976
24523
3894
3006
18300
19248
31353
24541
11943
31577
2110
28176
9931
20219
27766
27218
25734
30343
27356
19013
1154
25425
6532
19831
678
12785
12727
23268
12686
5097
25342
22461
17977
31881
23677
23400
19458
5392
130
25800
5330
15380
30302
29886
31123
5156
3700
12784
32488
26027
11407
31177
12827
22551
11385
705
21079
17979
29897
29662
6679
12786
11260
5498
15582
6918
17351
32584
27945
15696
20140
26514
32417
31264
21452
30660
30870
28895
5372
18990
11433
2802
31514
29958
9672
32482
7330
18092
864
3770
4732
5938
5325
1457
3864
21276
18710
14601
27581
9060
18135
4151
8222
22210
16510
22596
22575
28714
22714
26227
7222
32405
11057
20004
16165
8708
19826
11768
1831
25026
23594
22582
17529
14314
26778
23150
19067
30250
23112
10332
32519
26566
6389
28174
29697
21728
4816
19785
16175
19190
29417
2602
1099
20140
7144
27401
25943
23244
15103
20386
19761
20619
1821
17271
18535
15630
101
3952
24652
6188
17374
3781
11340
24694
18284
19229
3452
14452
4607
9208
18549
26930
17418
1354
29027
28155
1079
29032
24153
28005
9305
25128
5096
17294
4769
17732
24559
420
27414
6144
5812
1707
15679
26125
9780
5498
23074
12204
29624
3079
15987
31511
14249
8165
27909
5404
19365
17419
19844
17675
7890
7127
25446
30674
17523
8019
28959
9831
20665
21686
23444
31590
30683
17198
25043
31740
9065
732
32001
14339
29149
3616
31891
17774
21619
14360
12994
2792
16186
27747
17720
7608
8043
7211
30224
14056
3066
31842
30973
934
25708
31051
10441
21738
20968
829
12546
29273
24208
6308
32752
5226
5906
12616
5321
18887
27257
28370
32296
19446
15434
13964
7356
1848
23756
6248
32317
22961
23463
10052
25765
19914
26800
9836
19868
21460
14084
12384
3636
16110
5716
15064
22230
2344
13951
7174
13181
8936
18790
29979
23585
20877
30460
9740
26999
24915
22428
11926
16855
11894
26784
8320
21117
18843
12079
1824
26869
15211
32086
26656
16593
11137
3418
16770
6557
28294
26445
10466
26901
16282
17632
28667
32149
10486
26488
29293
9424
24528
5252
28862
10949
6015
11277
7326
17647
4064
3470
14959
15804
25336
16135
31748
29761
21979
2637
30889
1068
12492
1188
26212
10746
25253
13455
30843
14186
29562
18919
1846
11313
2681
7211
25830
18159
2836
25367
1062
8802
3427
23928
21345
13017
13763
23102
29077
14316
12228
22483
8278
30315
20546
11691
5909
20116
8913
29725
7074
649
26207
7793
1008
16641
15636
31546
1305
18493
4989
3814
29601
13630
746
31891
22783
21301
13076
28964
601
32571
32515
17556
27792
29762
24879
17803
12668
4939
27366
25391
23161
31706
19181
10557
15394
2215
10090
16984
16220
1175
20225
29857
15255
11242
1342
19591
18000
19894
28211
27105
7130
8596
23906
9018
1375
9625
3037
29547
24610
6280
31147
25968
10758
25669
32366
29300
14164
3213
19779
1582
30137
30181
28650
7536
24718
6352
32039
13053
2652
30021
3687
28316
24480
23136
14503
19050
1739
22104
3218
8820
397
25265
25065
25221
29523
8371
29224
17981
12559
14874
1639
24419
32311
14863
15486
22140
6928
29271
10092
6557
2092
16587
20218
28029
9009
18696
21147
5326
221
30311
13207
462
10311
23088
2664
17945
4968
14858
11108
13505
6361
25270
32413
27296
8926
4861
3846
12525
22436
4839
5335
28174
5831
19246
32562
6317
28695
28914
16646
24846
30620
6574
25908
1184
6872
19307
11760
32722
23371
23860
17258
4647
4669
15305
13742
18573
8631
26264
21961
491
14035
14568
10798
8697
309
21336
600
26196
986
14728
28080
4562
25361
30742
6576
25106
21446
26316
23369
856
4102
23319
26498
30360
29888
24251
32611
7633
11465
16070
4881
25245
3363
1730
8250
11013
1663
15407
20403
4249
20480
28209
5728
3521
12098
28037
23893
5454
411
16569
30010
18516
27297
10397
22772
15932
19436
18677
898
4885
27165
18800
23844
12331
25374
734
963
731
22956
3229
29325
5541
31251
15956
19680
16259
15417
31204
20585
23929
1758
20892
12941
19054
6178
24237
27911
2362
22344
23517
15827
21760
29625
22655
24139
3006
30028
6050
13713
10018
8644
28553
2604
14240
23451
15707
30454
5569
24062
16668
10037
15806
31256
30172
7688
2381
14739
14894
3333
15291
2652
23772
32288
5179
22439
25049
21710
23166
13364
4983
27243
6531
31184
13274
18905
31921
542
25261
20075
803
23703
2835
10753
32067
9680
28129
5748
2202
25595
7178
13876
32230
3249
30043
26671
1389
6127
32616
4853
17810
17502
10438
11034
24486
28887
19578
30940
12032
12070
2482
24838
32336
29710
17331
13589
10032
2190
24083
20120
20476
8291
2344
31197
15332
14798
12992
29641
24895
10903
28434
32520
14882
32338
28149
21607
818
2529
20560
29309
23734
22586
29138
4241
497
21611
31459
14520
2734
21723
20186
19774
27420
27602
10864
32071
9692
8507
1652
27830
25689
31145
4801
4942
26968
28313
23918
5911
4560
15351
31300
9732
22523
9955
15989
4818
3245
8628
25738
14643
15077
28989
11422
27948
27041
14160
19658
31164
12279
1665
17888
29374
20322
25388
28764
24080
18522
21946
21911
30709
7463
29215
10558
5816
14070
30887
30467
29075
8493
29683
22674
20174
3836
30782
18375
23851
24372
26598
24862
15490
4701
24871
10859
31145
26371
14633
12747
406
4176
10301
6362
20424
15072
2915
24614
23523
21456
24337
1764
2714
17944
22319
21218
9681
8731
14438
21693
8195
25469
22170
31828
9954
18741
23733
20860
18750
29667
16807
9462
13352
15971
3755
19870
19287
1186
23243
17892
8395
19632
8102
15744
4015
1559
19313
29538
32388
21356
13372
27624
3196
4643
20598
22356
11812
5287
22708
15485
32070
17067
13998
15301
16398
5050
25994
32330
27499
6166
10078
9569
9400
959
13296
20032
1692
28626
17600
32250
11567
17940
8776
2481
19806
2767
5762
20230
23440
30941
26795
20693
1418
9218
17991
3104
911
5503
15717
6472
1228
5859
11300
28035
15092
7973
18806
20618
18728
5616
11044
23186
6681
24894
27922
3710
24944
28968
24005
25683
19566
15868
21538
22508
9679
27793
4728
20463
28917
3287
23233
28927
16450
9906
6181
12595
19142
2313
16832
16327
1306
3866
23205
5394
16779
20496
13091
16056
7035
27863
20295
15393
12805
28719
5793
32554
30176
29951
12619
25882
3718
1772
13864
15319
6805
28971
3690
10074
20341
28563
12887
31584
15419
30199
9036
23906
13261
434
18178
17096
8775
10627
2064
8026
20894
24476
24497
22519
24964
6645
11464
19849
30347
21734
31777
5176
25740
9205
9722
10974
22602
17645
25794
18107
17491
26928
18720
1899
5415
10573
12087
10004
28828
22229
6441
31460
1153
8299
4825
22459
10370
15387
758
12068
22347
3053
3381
30858
17137
28857
27101
15017
2189
16188
22153
18754
18218
2924
1065
2835
7649
15881
9803
23558
21826
10357
1945
24489
14326
2757
18338
22494
24227
16408
9693
21460
29456
1319
32234
19253
11914
3358
22812
31137
6022
22699
14645
3676
17031
852
112
1091
6722
31501
6853
13829
29440
22026
19560
655
27973
15058
18835
5576
27567
3733
31621
10623
8224
23999
5835
21153
29728
13005
26302
11952
20604
20319
29261
1392
2099
31631
24060
13028
27283
24450
12077
28024
16544
6972
21662
15488
14773
4281
6196
13025
2926
5177
24055
16910
18628
30427
21597
14647
13434
8045
31179
17597
4793
9603
7001
488
15863
8902
12502
31452
797
11919
14860
7881
2280
14261
324
2659
18063
12451
26381
13458
19879
16813
6970
21354
27460
30116
26410
3421
25698
5287
27980
19119
20867
8509
481
15147
23961
11169
260
25621
27685
28509
17896
19039
27297
28442
10082
3359
20764
695
7591
1089
5668
2968
30038
14201
6632
17217
13241
16764
19614
22563
4168
29552
5155
19637
10094
19617
13537
19655
19088
6773
16886
27924
4428
21666
22675
2326
4094
2462
10913
13086
22409
28504
7339
27299
8788
27685
31480
3290
21138
11261
2551
13192
9671
5607
30177
30229
16775
13746
26009
16609
32129
28134
13527
14043
3773
1530
6533
20815
30754
26823
14441
12799
25659
10045
27909
23414
19515
4949
18619
17305
4158
1862
3381
29823
25809
11516
9732
12162
14773
22982
25991
18070
32224
21071
2319
8154
25797
2767
18496
5997
4309
14210
29627
13187
18246
16730
26362
24248
4371
29425
20858
7332
27972
29121
6944
27823
30831
22423
26582
20262
11647
69
32373
8335
9140
24471
5863
16186
28139
29577
21389
12057
32544
9911
27102
12241
14385
14101
15953
30993
740
29920
30589
4387
7724
28117
19583
29121
32680
22688
4765
28457
28269
21655
20009
5492
15109
20904
19111
28707
14519
13456
32306
28667
23561
2894
15387
25363
8836
26072
31444
13099
10167
9996
12556
24127
2943
25065
3612
23900
3461
5887
4514
28083
519
26148
18027
28652
988
2153
9367
20924
1970
9805
24311
13754
13467
24112
8122
19822
9672
3850
30793
6571
31123
15196
2159
1311
20931
6247
8381
3369
10508
7581
25645
27882
8662
10325
11525
32415
12864
1986
14590
18222
20835
1318
24742
24574
2523
15427
24067
13068
5508
22546
26233
15676
26241
1976
7149
19181
16771
16310
6443
25295
19783
7008
7557
21241
15201
29328
7101
5174
28217
30619
12326
30624
16467
29060
16901
21105
20691
26224
21565
7189
31040
19034
18732
12932
20616
1544
7632
14542
24388
27198
24622
17399
26942
25393
25844
18950
28720
62
93
1881
21455
9180
18005
20027
13064
28624
5598
29881
29322
16800
29618
21681
3204
21321
30761
4651
3504
21556
21598
7148
25488
3687
12941
6729
24568
27641
30144
16442
5580
28872
7339
12975
29451
31854
19412
31271
15372
26736
17143
12926
19464
22201
16808
27910
16089
17479
7994
30938
26625
13349
6624
1391
15086
1689
8466
21356
2173
20638
7986
26556
13756
18324
1648
29921
20468
5431
9451
28299
8679
10190
1048
31593
11862
21156
22376
14655
13254
21180
15909
1849
7556
3009
23709
19071
1511
4412
4227
24841
11733
20490
17554
14005
3464
27660
10099
12438
25234
9760
18913
25231
24351
24144
26635
17185
24187
1610
25146
20866
17108
6160
10419
25071
24640
25841
7903
1090
6402
20664
14761
14535
3849
19747
23848
26444
3769
10647
15742
19575
5870
2833
18176
20829
8766
8288
20887
335
5503
26258
9061
4599
30601
4524
1708
12709
22077
28062
30444
4067
31943
19317
10572
21583
24351
20179
29755
30634
24278
12188
23127
13100
19727
17395
15502
31258
19916
26213
30595
12699
107
3171
28723
6856
4464
8438
21464
8962
6532
30638
3854
3720
28094
27612
16436
12616
17698
0
10517
10742
22375
4485
25543
21340
22782
29868
24276
24561
30799
3271
25752
21420
16454
13479
12778
20506
1038
2903
24575
26287
14364
30987
9610
25946
23664
83
13096
20827
23575
12180
12028
1113
1525
18105
5014
8111
705
25894
30234
18952
27729
21485
30622
27435
27160
16453
26067
23064
30445
31288
20200
12627
13325
2971
3243
15744
28004
15171
2802
14896
13064
20598
19769
20731
11271
10912
30604
3791
1634
327
24232
17287
10329
24641
25437
32703
1769
13349
7478
9447
17812
31487
6236
15255
864
27976
10936
1058
31010
13077
9304
30062
19708
31118
24340
7683
16165
31906
29041
7009
5096
22777
2245
7063
24304
14890
11932
7441
5058
14639
32091
24754
32651
32534
2083
16931
4124
32760
31224
27242
3123
25135
12323
4286
8444
26052
21460
15769
26839
24615
14092
17424
20316
8227
30906
25952
30364
19984
13349
21193
426
7243
16265
415
26715
23523
15877
1438
14409
18837
2228
25982
26398
9979
13083
7623
6671
29696
11971
17895
1702
23703
21030
2945
20677
11949
18128
30729
2536
27739
8894
13454
13738
20065
12554
16342
30603
19152
11722
19120
19952
29702
31029
11910
32363
17375
1543
12850
5949
10026
1831
4370
10777
23898
8327
30815
9259
126
8012
28346
26457
18804
32048
23048
2249
25689
13092
6016
22691
26947
7993
23042
5912
19763
448
17067
31395
24389
21936
26534
27534
9770
2121
15685
6329
12760
21495
5456
18839
13696
17017
10397
4473
32193
6722
24288
18447
5915
15136
18629
27435
14502
11803
60
19913
18180
27808
25364
14413
916
8927
23500
24075
15336
29041
11430
19468
3450
29246
28924
13583
4506
1182
18647
16079
1451
9406
25278
13444
17295
21062
22476
17068
7776
19000
3590
8203
30561
6171
5355
18417
7988
16986
12364
10683
22349
5607
1373
29084
1958
21795
7693
20126
31924
19970
13971
23011
16795
7018
2377
817
27294
5597
3262
9902
25561
14168
22534
12263
6194
30331
8533
28183
1165
23785
2765
32167
2879
23794
12691
27377
7109
10864
13096
29257
695
6894
7415
318
30199
20752
31274
23837
12590
14127
29634
4791
13945
3395
14055
4964
1887
3590
5500
9032
27143
28502
5367
31957
3751
16859
24432
19857
10560
29675
19191
28698
21385
31658
27435
1895
19240
27766
24841
24400
24616
31618
23809
13905
10152
14272
1871
21643
18128
30981
17032
5131
27146
19048
31859
15951
15470
21483
283
25350
29565
1885
1058
3096
17171
5246
21592
29414
19863
26725
28044
6867
25717
15391
23715
29955
11470
30361
10727
29027
31854
26047
15777
8425
766
4838
29417
19741
4986
13927
19645
10456
8678
3725
337
32331
18749
7602
20390
32324
28075
5028
21342
5293
20219
26190
19151
26197
8019
23956
854
23540
29215
5758
24557
24169
5963
16793
11776
10309
14005
8346
15485
20621
16354
1861
26923
29372
496
25485
6204
6152
32715
4349
18981
17894
21668
31574
17325
21968
15519
21626
31812
31302
5580
24968
18071
5395
27993
9033
26465
17105
27910
24011
3716
16303
15576
17227
26200
2418
11538
18008
11587
25274
15457
22326
3466
7047
20055
4225
10086
17147
9754
5906
347
9826
31070
12583
21189
16751
12176
22717
23732
968
8532
19777
17657
4038
27698
26728
10113
22133
11916
14940
20962
13539
16340
12568
23860
30359
14588
20245
6690
24927
24877
13606
832
11855
21179
928
10656
5126
27737
22207
20384
17971
25225
25157
9733
3672
1367
28772
24398
25038
3655
18398
3394
6410
2700
15723
31948
11294
13690
29787
1032
6274
22334
4732
30366
21525
31693
27454
13391
29023
5658
26133
1485
22809
25484
9247
15312
15599
9135
10503
17510
10116
30762
2857
10890
19895
241
28407
13305
1317
2235
20891
4417
1006
21943
26334
21531
19901
29306
3656
8186
29186
828
9096
18660
32642
31557
11799
21633
20754
18082
13337
4466
6047
15388
13444
14563
17778
27499
3203
20068
16050
7078
19485
12788
29483
3582
15890
6239
17741
22700
9989
24011
25208
28200
32736
26253
28791
9372
12149
577
13386
20888
1889
1305
5672
19975
2102
2933
9924
30306
12505
7092
2512
31523
23848
6730
27071
5501
30688
17427
22736
29770
958
8936
17224
30021
16357
12399
22270
32377
27520
6967
1053
3065
27816
25092
31526
17874
24200
14695
19508
12862
19135
28562
2948
22554
4613
17003
7988
26010
18450
23519
6731
12092
1724
26745
18682
6906
31839
31795
21026
19396
14721
14732
4629
8493
438
28378
4769
24421
9154
7650
17483
4967
7422
8614
23768
1907
3069
26238
32530
23487
13934
26730
4040
5994
9796
27559
23575
17841
8725
9088
29928
29541
1216
15207
25530
8348
14419
30276
7330
31400
22572
22541
20879
29253
15966
3479
2771
534
86
1708
10463
14675
7870
30301
13134
24252
27809
11673
6438
16337
29136
1023
18010
68
19589
17137
12947
32175
22087
18154
19759
7043
4109
19217
27274
2880
6566
4878
5757
25836
14424
26396
28709
9150
12488
5727
29414
23322
30745
29561
20655
14274
88
32600
16767
8522
9240
13905
27688
4044
30041
13171
19539
27102
29615
7701
14788
32449
28064
5554
29919
28891
4429
4087
23659
9319
28757
23833
12439
1644
31478
18028
1850
16363
13941
31538
21855
10589
12992
16304
12801
4701
851
4744
13843
12705
16216
15426
7620
20782
19730
32044
3840
2764
31867
19812
10554
10424
13612
25395
17001
32410
15230
29596
30032
20150
20719
24885
25859
3942
13255
19766
22951
9416
16891
16080
6777
25268
17233
21696
10514
27377
7877
13603
16873
15272
32555
12172
17945
536
11031
17748
29284
1420
5114
3121
1912
16010
24717
7946
18290
28238
30323
4362
27809
19063
18202
5876
32140
4351
25570
23222
8758
6256
7553
11584
24224
12373
12966
2710
22160
26095
20956
9252
32401
298
29361
25939
24123
19919
18968
9817
18356
1275
24077
341
10359
27344
31863
32155
22356
29802
6482
1356
952
2581
22541
22827
10799
14781
17457
30379
12839
28070
32068
9293
6391
31581
23021
6184
20000
7918
18009
27849
9426
13911
25052
22590
32434
20797
8156
22894
5082
26846
28651
20396
31777
21575
12595
12427
23965
19654
29975
20467
25703
5795
21783
28276
26526
8715
24564
475
24495
14413
25109
27651
4563
2377
3370
5102
5337
11556
17167
5396
4901
28225
2035
30971
28153
28525
24505
12040
9715
602
6814
13973
11479
16975
21789
12100
1167
18205
12048
17298
20336
1109
32279
8623
13759
10424
32573
30349
17524
4591
19417
7990
10557
10365
5555
1124
28614
14321
28264
21579
9272
5984
7696
3770
32512
13842
19741
5986
32209
24700
1414
17013
3564
20846
20262
3956
11167
25486
27487
1602
6923
30469
29698
27260
7723
24440
24947
14605
19474
28218
15368
9212
28020
27840
31923
137
616
6997
24801
23417
21868
2062
13729
10158
16298
20993
24073
15098
634
11442
6357
3381
23079
14286
18770
28045
11766
32540
18299
8734
356
14000
31585
9667
2736
1890
18384
30763
4761
32638
2095
13359
361
31677
9640
24674
15666
7284
1929
11754
15704
6924
25322
6543
30543
5042
11665
8978
2214
5967
14354
3776
16965
6587
13114
25926
30963
4142
9390
9671
16155
21495
3792
24108
27599
7536
20450
7612
4877
11057
31854
30188
21313
27012
14565
32120
7180
11801
22150
2482
21060
23547
14209
4634
30012
963
15965
29232
10565
21516
19607
32134
19316
28198
5260
6681
29350
29455
17048
21729
450
23710
16768
9383
12094
30466
7693
20247
9701
3691
19962
9238
8919
9479
24081
854
13521
17712
19344
24615
174
17380
3281
14224
12078
1909
3370
11422
26615
9857
8211
16124
32217
29477
12166
20420
12374
18030
10668
26773
9826
8208
29109
30950
1639
28251
22535
32153
20364
4714
23964
18131
22583
29854
18085
20492
5584
15691
16500
24162
4553
1456
7832
22835
12251
5421
29514
4330
10642
32432
1800
26649
25355
12913
29567
4809
31997
22495
26030
24590
18422
985
19273
16862
31975
7970
28507
1826
24291
4367
18992
31758
10788
643
2162
25774
29775
19741
3474
1474
25080
27312
30057
12236
21865
30964
22816
103
31391
9595
23373
19930
21654
5606
16222
28909
12231
8280
4155
24828
7662
26667
6695
22089
24336
13026
15335
26262
23485
2399
21287
20468
5267
31063
18457
26070
11011
2818
31839
21609
26456
16151
8491
11816
24564
10487
14501
30635
9693
31016
18061
9663
6777
3078
29729
16828
21142
20661
11073
10259
10925
7258
27857
5415
28776
15755
26207
29790
17761
25604
2821
9591
7981
12443
13201
11294
2201
374
2532
32189
2099
20091
17304
24982
20493
10760
28646
5903
6845
14820
23750
13900
22952
15478
22359
32515
6273
28213
19330
2444
14860
25440
1754
3640
29224
10735
8903
14052
8460
18377
23012
11982
29649
26935
19621
25767
28209
21401
31037
13033
16782
28760
27327
25194
5429
1051
25475
15154
9189
26174
1739
6025
21131
19584
17830
11605
9296
32507
4885
419
12245
2138
9069
14980
31165
13894
15100
17178
22637
32289
20463
30194
17679
6647
883
16788
15837
29105
13851
31577
7580
9356
15234
21629
3174
18122
28977
9589
28077
10152
15555
899
28541
13199
13639
21639
7937
18062
31717
21784
9801
776
1989
17619
5962
170
26924
11507
26663
26528
18408
29987
1199
19465
8431
14992
6438
23976
1859
7489
31304
16348
27672
30635
20107
7634
12857
13440
23717
20217
4264
14025
9038
8118
2180
2100
7751
4698
29232
16815
23707
11345
26034
25141
19493
9115
601
2024
24146
129
22947
16225
27176
1920
349
23876
28551
32650
4364
5655
8111
10350
3724
18516
20227
30100
3575
11452
13325
24813
2249
24815
6081
27178
12353
58
23302
5676
16138
16048
30066
700
3610
14972
20821
25213
28891
30581
10490
29982
7304
14579
18729
20436
7898
11745
23792
2568
10213
8980
9892
8781
11068
12251
18978
12180
7260
4312
3162
12963
19016
9486
11279
7107
7792
16698
14296
22713
17111
19815
1387
32504
29557
24765
11802
26133
32475
20378
13470
18043
14869
24548
14356
12384
27604
6045
22597
28408
29389
22967
12074
11240
11100
17706
944
26365
22637
2629
6584
5662
5020
10817
17250
383
2203
21788
6027
12312
32724
22949
29076
30806
31824
23507
7781
2320
28888
17754
23218
32444
20570
9344
1661
22755
32142
27949
12765
25554
24024
20546
26365
27283
4977
7468
21863
17691
8898
25017
17027
5829
1808
15402
25434
20735
31326
5001
928
20035
29839
10813
7666
6474
9676
16091
18780
13436
28709
12095
8222
30122
9339
20956
944
18943
1693
31056
25091
30260
23729
22075
24586
9988
3542
11090
3449
26080
5127
1967
1485
17891
17730
31595
8844
23816
14314
31343
8910
23963
18027
24967
27644
25581
30236
20921
18392
19532
17769
21972
17341
9522
9521
1611
5416
4541
8557
8004
10104
12383
32019
15597
14066
22999
17722
12815
7432
19552
8062
11493
12763
5928
22438
7726
26366
23043
28804
5761
32637
11617
15389
3553
2334
18046
16138
18833
31462
11224
25374
21545
7391
3558
15689
15338
7449
6151
27324
2895
30191
19897
18766
12260
2443
18443
3871
17243
5805
26453
1403
27357
27303
19750
27393
16542
29869
12926
16644
31668
7755
28221
2097
18985
3383
16348
12402
4431
12873
12891
16403
2131
18888
11130
30244
24853
12519
31532
27678
29495
13455
32585
31433
7541
15711
12163
26204
20788
31986
9627
5606
31837
96
30165
23022
17771
19463
27561
1622
19907
25739
32443
25478
28228
26907
5133
15046
8736
8950
24435
490
5098
11822
31048
27189
240
8108
31840
22136
26314
19573
16445
31866
12083
5676
902
13724
19992
24791
6836
17085
1519
5606
30479
1884
17994
22641
6617
32764
22700
20161
18377
30669
20379
9490
4283
16776
27638
11671
32677
30619
27785
16831
1741
1926
31711
18615
31801
3205
12375
1840
14951
15727
21114
7266
14655
29150
23948
20560
13126
656
28257
5966
11028
2317
5235
28353
25864
17034
14641
30503
10554
6670
4505
28503
25009
7635
19976
29961
26839
25583
31825
11928
7209
8755
20493
16903
1843
32084
17715
15683
15036
21320
20713
21415
9278
1267
5273
5317
31129
771
18246
100
3335
8729
18721
7109
7507
31273
5463
27691
30278
21795
1582
31385
30051
28883
8016
17630
18132
6150
21094
16335
28323
22254
29161
20180
29229
20167
17973
21670
13780
27835
30944
16726
25333
2051
19017
16786
27162
11088
17780
29476
30064
3433
26133
17083
24443
32021
25834
22254
520
17467
7758
11390
29027
17992
18188
18395
30667
24017
25457
8170
25891
15738
13477
9734
1770
22550
4155
3909
23661
5135
22022
17148
23355
19976
30766
4741
22490
28354
18820
7743
26296
6204
1555
3031
18788
11807
18935
29126
15358
15704
27251
7195
14061
1799
25917
3707
30927
12952
23068
26470
27830
27439
17077
2235
16529
27722
23714
10623
16360
16802
31173
13530
18125
15954
10972
6754
24847
28474
30805
29597
27056
3238
7523
8896
16025
12075
31057
20157
23693
19410
11031
24701
30556
15225
2859
25962
25177
20853
30617
31537
23821
17788
9814
10438
6189
29891
29137
18600
1738
15971
21452
26726
20424
32513
618
16738
29585
28590
25481
11989
31242
27660
19025
17683
15559
25522
13069
28177
8571
31442
28986
12068
22706
7705
990
31755
29890
3543
1052
15152
27902
9312
25092
24363
24878
23474
25520
14728
12604
22104
6796
27338
15664
28558
17141
5039
24926
5797
16902
11190
734
31145
13742
8415
16445
17218
19206
9394
6770
28632
20194
19074
10772
32250
11431
23283
13514
32257
20316
186
14082
17648
6403
12964
13798
18079
25641
32474
28043
23321
17340
7011
12140
29506
29981
24554
1304
189
14454
3266
27431
5388
846
807
14450
31737
16730
21191
1412
21813
6038
16513
10315
28992
23957
10860
6163
30088
16661
27931
19894
3029
18391
11807
29708
8420
9134
12238
31913
30290
3285
4675
27848
3005
5765
9638
30338
8997
12743
12718
12868
25752
21128
22115
3199
25870
27371
27177
15265
5266
12515
30970
21061
22434
25088
18675
16806
20441
31113
2066
24666
6091
3276
1854
18749
30257
16818
9863
9899
19526
5014
22192
15858
17264
23127
21482
20230
32291
18348
32227
7287
20482
20152
28927
12193
16712
10719
17637
11555
24935
29399
5182
19858
11503
258
12729
20078
2736
507
11859
28500
9251
111
5333
20342
7430
19758
32414
16201
28231
32385
26018
23165
26659
31167
22451
32306
8079
15131
28416
28521
19159
20416
13275
17848
20869
13856
19391
28227
4996
6280
6545
23271
11141
5624
13094
12728
12450
3379
20486
4270
15169
7698
5487
14747
12604
21789
25501
14944
7487
13660
2121
25953
5489
5227
31344
11830
30038
31949
853
16036
28404
2690
30921
22475
14132
30172
27818
21408
20876
16526
30122
23198
16091
14598
30033
8633
5012
18429
32582
17556
14623
15436
17866
4083
24188
2305
12165
20595
23594
10674
31365
31097
3911
8465
4228
14440
28664
17857
28777
18455
26379
20840
20754
6274
9947
26118
24913
7871
2932
32133
18740
24884
17912
30609
20618
5128
22338
14761
20130
22999
7624
5494
18262
31914
31430
26972
22856
13094
21145
12112
24940
17923
27752
28137
30663
10688
29962
16313
10614
24725
10532
25821
5105
14506
27282
4819
17809
14982
17673
30348
1872
23498
9722
7362
29649
18975
19385
13452
32672
25197
12254
24624
22202
10318
28908
2104
13136
20930
32560
25800
4552
15140
4332
12590
26117
22364
8629
15803
13800
28759
282
21457
15638
19380
13446
8254
32252
1984
12392
6088
25617
17573
11408
2569
23387
28126
6108
22142
309
14318
28437
30682
21071
9810
31508
22944
31222
11700
14889
11248
9878
18017
30909
10657
1917
765
23861
1169
22497
32630
27418
27705
6949
15414
16759
25221
28248
14749
6275
21218
4863
26542
17024
8088
5908
15880
13283
6490
15950
4120
22197
5403
4259
29070
11577
5156
12812
16141
1999
12900
26504
7975
21016
20231
28003
3976
15195
9034
696
21105
15912
15245
20021
20585
19259
1705
30
16943
7074
28549
21908
14066
28195
13540
24856
19140
13272
29569
15435
8525
28700
5726
1783
30908
20395
8537
22355
26883
15108
2560
32643
9028
26642
4774
19551
17798
12044
23479
8565
5805
9882
8008
5713
16041
19257
19186
30972
20205
13792
27617
22978
12067
9700
8488
1080
16926
25113
2135
2430
22288
13626
22608
16322
15101
2442
7766
23301
32367
26556
20839
802
17260
23824
12236
2828
10149
3264
6894
11607
7920
28826
25963
29178
20984
3310
18281
8531
21811
7082
27947
26731
19477
29380
21474
4732
19588
10712
26821
31664
5771
17171
7779
8492
29778
23375
27704
29261
22094
9599
27775
18225
32693
13646
3144
8314
22325
23811
458
5198
12261
8872
31994
3234
7804
4203
18013
15033
11969
25668
16410
25575
3394
25304
32083
27547
31049
20894
25525
16029
4876
23616
2894
915
23076
26948
20639
13514
28736
8683
19699
1843
29723
12633
10479
17068
2219
32503
32105
28545
23708
26646
13950
32051
17916
15573
11486
18040
17976
1092
26987
5762
2631
19401
18179
4996
15141
1475
26265
12915
12931
15214
10635
6154
26557
5639
9775
2832
10508
816
19119
23517
29949
30869
8728
25883
2081
6864
28589
2506
29446
19338
5249
21638
19559
25315
29509
7181
21408
6164
18014
20732
5988
23891
7227
22745
29874
13048
28133
6742
517
13789
983
7892
15052
27914
7441
27943
32537
6802
3176
409
15261
5048
16416
1841
19924
25686
26556
13877
30845
16768
11285
31725
31821
3940
11690
20394
10468
32372
15671
22791
31232
968
649
19311
5361
12477
1424
6879
14925
11747
19894
28141
32740
23830
2927
28938
26358
26346
17
28420
8868
14157
6119
21199
8869
11623
27264
30340
13882
709
5453
25514
23396
11703
9324
26805
3668
17142
32190
10188
11555
6794
575
719
17347
15339
22935
2201
21558
21863
7148
18306
28413
17091
19963
10536
12244
26405
25447
15216
29340
24114
15184
2759
21657
18547
19240
29102
21981
14077
27586
373
12036
31313
31916
26694
12066
22657
20927
30822
13818
28308
7924
13496
7793
16684
22138
1667
11586
16486
11525
116
22514
17154
14440
21223
30727
15556
23654
21858
15989
13337
31173
18786
31577
15102
5029
14939
3561
28446
24336
7930
4267
17722
28882
8109
5606
9166
32139
9829
2135
4338
24578
7067
1060
30590
22972
29841
15382
18289
16846
30426
16130
30100
5615
21788
12680
7770
8657
2325
20480
20491
12466
3804
19634
16417
32046
25961
24133
28659
21335
30808
4731
1168
6407
22250
14619
21998
12405
23629
31534
31044
26887
11549
29293
19124
29287
11818
21755
14893
1497
22652
2384
24464
14796
3732
13941
6673
13230
22261
9335
16097
11269
8163
278
6922
30908
28779
23741
19610
4538
10915
29623
14083
17338
17203
6047
5826
1366
4628
19736
30783
8804
8344
29119
5620
12678
6315
32350
25042
2045
14680
14691
15840
8126
29839
28048
10278
9160
6693
30963
24009
5812
13340
18457
14711
18318
30757
4479
20741
2275
29283
25929
5719
24091
19826
25910
32641
4873
23464
14548
31275
29121
17818
4592
11834
2730
482
21841
21421
17108
31264
15270
8132
7307
319
32444
3432
28204
32506
26356
1223
31543
29854
19701
9791
9126
16145
25502
15485
7549
14867
24126
6630
27811
10436
18184
25909
3312
1894
6593
6502
647
10853
30396
15572
17510
20116
520
5022
13627
32442
17128
20814
7801
29261
6019
3517
25004
18813
4317
305
21514
19061
19206
19401
30794
989
5522
19483
2745
30883
72
18715
5002
14587
8223
29503
29549
3236
8294
224
7780
4717
29762
27108
30930
30969
15453
1690
2773
13503
13533
5605
32214
22356
16275
28317
6239
27629
24181
24626
11308
32032
12879
1682
10884
10218
20917
5453
21194
24566
3132
24055
12111
18716
28138
5583
21610
18985
5866
7837
5579
15582
15236
22241
9740
24379
24653
13609
21641
27133
9883
12995
23922
28773
15676
18836
30
27963
18792
2376
20386
8467
23539
1964
29091
9679
18119
12375
16232
23397
26258
14224
32051
4578
13500
13420
7122
5295
13724
9783
14449
31507
5867
26901
20146
25082
4729
24041
20736
29429
26910
18806
6944
23681
2548
11973
29448
8076
14787
10438
3061
22069
20157
1849
16312
22484
21612
13007
29264
24122
11240
7309
21438
4154
31821
15474
29717
5480
1900
25433
24017
5920
14017
25633
10857
21194
29862
22538
17704
8541
9669
610
20536
6178
22227
5986
24576
9915
29308
27219
176
22115
5017
18164
14873
3703
18345
31264
1475
566
21887
19884
27449
11205
23608
31631
13992
30837
24176
23621
32168
2633
3510
21621
26202
12979
27196
17873
25779
2719
2771
1853
25111
19378
8471
10292
810
20180
3559
872
32739
21484
6681
25769
16866
30442
10091
17928
15619
30219
28092
26684
13875
11608
6268
19013
27778
27505
22625
17487
22650
904
15707
18904
30127
16560
27851
5909
19096
7768
2032
19858
8861
27154
22177
17434
11889
12954
2626
3542
32418
10259
11505
31928
3183
20883
4352
8987
17625
15330
21672
6307
18941
1407
19963
1643
24224
27620
29467
15967
12300
15883
4778
25062
29211
22577
28801
23493
401
3290
6821
12608
174
7957
2678
28289
8708
12801
26154
12862
5511
20880
30330
7319
19427
30859
9371
9533
1042
14295
5232
7385
22317
25334
12030
23980
13954
26064
12576
28530
4072
10164
4732
8845
3151
8090
22709
26207
7323
32171
10979
24312
18611
3587
14656
32241
29908
14517
19747
8855
4396
17167
5427
1357
26532
13856
468
29227
31741
3704
17894
5867
12830
6447
20399
26630
11948
8745
19989
24858
9692
22423
5649
9359
3205
1729
31840
15994
24442
5636
30588
3777
29974
24598
7626
7809
3352
21650
21525
25772
4785
432
16443
15863
17628
27475
21542
7155
14574
21322
1278
12153
27502
22223
669
4684
21286
1364
836
13306
10874
21632
30604
3587
25337
5492
15007
25405
30514
20306
4775
3703
3785
8960
5511
9309
10442
7209
17866
27804
16444
4997
31704
30278
7930
1627
28528
19319
21182
1860
30034
2105
30847
11313
17724
22693
20989
7599
23576
8779
22938
11114
20084
23764
18539
2544
7986
24038
17039
7608
28289
7240
7615
30563
5388
11847
30247
25921
32625
1880
1396
15895
24052
14590
28719
18720
31861
15086
32073
26449
22175
32370
27639
25057
15459
20747
23488
521
6820
21082
31443
22025
15412
320
28319
18283
5888
9285
10910
26251
31111
4406
10609
3927
11409
6162
15410
19284
23837
5416
25606
5346
25243
28281
27121
24512
13659
99
10479
2770
10566
15745
15936
7970
16588
1485
5123
38
11293
30983
31238
28993
18588
18523
16605
5259
13456
19262
2865
18133
19229
23449
18779
31976
7284
15657
4913
1550
13894
5157
21536
22484
20606
12066
32124
18189
12847
10293
13075
21018
25291
8535
9736
24681
31639
8205
4575
6972
11611
19528
4052
17324
20062
5769
13425
10733
1169
2378
11103
10707
24587
18842
17789
20629
31157
2823
11567
4050
27207
31424
13561
8657
11635
26107
29772
781
17759
8085
9887
9457
12889
26872
194
15840
4807
25154
28783
23160
32604
17828
31267
5144
30610
29191
10539
4255
29268
2294
17922
12151
26362
9144
18138
2003
25211
25532
11897
7220
31966
25147
19782
26418
17138
17176
6308
9593
26687
28427
3198
274
21820
14590
19235
484
26051
29367
28501
26490
27585
13496
17564
20486
18994
23907
23009
20646
15437
2914
8759
25319
7419
5958
6140
19336
17038
20590
5665
24192
17072
299
23494
17473
12953
32289
28170
9279
14214
17649
19489
22700
31590
28181
10663
3974
22998
30219
9011
31956
22863
8629
8496
557
17566
512
23784
28537
30869
23236
15330
16636
14849
